Image File,road,sidewalk,building,wall,fence,pole,light,sign,vegetation,terrain,sky,person,rider,car,truck,bus,train,motocycle,bicycle
10000.jpg,16.52,2.9,9.07,0,1.99,0.02,0,0,27.89,1.69,35.53,0,0,3.77,0,0,0,0.37,0.23
10001.jpg,16.24,3.35,10.44,0.23,3.67,0.02,0,0,14.4,3.01,45.83,0,0,2.77,0,0,0,0.04,0
10002.jpg,16.24,3.35,10.44,0.23,3.67,0.02,0,0,14.4,3.01,45.83,0,0,2.77,0,0,0,0.04,0
10003.jpg,15.22,2.92,27.06,8.3,1.13,0.03,0,0,3.99,1.05,37.41,0.13,0,2.76,0,0,0,0,0
10004.jpg,14.09,0.46,18.87,0.12,0.02,0.01,0,0,11.13,9.02,43.7,0,0,2.57,0,0,0,0.03,0
10005.jpg,16.24,3.35,10.44,0.23,3.67,0.02,0,0,14.4,3.01,45.83,0,0,2.77,0,0,0,0.04,0
10006.jpg,28.13,0.38,2.66,0.08,1.58,0.38,0,0.01,5.67,0.57,55.49,0.04,0.31,4.65,0,0,0,0.01,0.03
10007.jpg,28.13,0.38,2.66,0.08,1.58,0.38,0,0.01,5.67,0.57,55.49,0.04,0.31,4.65,0,0,0,0.01,0.03
10008.jpg,24.78,1.59,1.9,0.15,0.24,0.3,0,0.02,40.25,2.17,26.79,0.06,0,1.64,0,0,0,0.09,0
10009.jpg,20.35,2.69,1.74,0.58,0.14,0.1,0.01,0,56.23,3.79,10.02,0.01,0.09,3.84,0,0,0,0.4,0
1000.jpg,11.59,0.99,7.44,0,0.1,0.03,0,0,26.18,2.46,42.4,0,0,8.8,0,0,0,0.01,0
10010.jpg,25.05,1.3,1.01,0.09,0.77,0.86,0.28,0.19,18.5,1.96,46.14,0.01,0.03,3.26,0,0,0,0.37,0.18
10011.jpg,28.98,1.37,0.33,0.03,0,0.67,0.04,0.04,11.85,0.48,52.96,0,0,3.23,0,0,0,0.02,0
10012.jpg,28.13,0.38,2.66,0.08,1.58,0.38,0,0.01,5.67,0.57,55.49,0.04,0.31,4.65,0,0,0,0.01,0.03
10013.jpg,28.13,0.38,2.66,0.08,1.58,0.38,0,0.01,5.67,0.57,55.49,0.04,0.31,4.65,0,0,0,0.01,0.03
10014.jpg,30.58,1.04,1.96,0.08,0.7,0.8,0.04,0.09,19.29,0.49,43.56,0.04,0.01,1.28,0.01,0,0,0.03,0
10015.jpg,28.13,0.38,2.66,0.08,1.58,0.38,0,0.01,5.67,0.57,55.49,0.04,0.31,4.65,0,0,0,0.01,0.03
10016.jpg,29.4,0.98,1.21,0.6,0.6,0.18,0,0.05,23.6,2.01,40.99,0,0,0.36,0,0,0,0.02,0
10017.jpg,28.89,0.63,0.24,0.24,0.3,0.34,0.08,0.1,18.52,4.04,46.03,0.16,0,0.43,0,0,0,0,0
10018.jpg,28.03,0.5,2.15,0.02,0.08,0.46,0,0.01,12.29,3.97,51.2,0,0,1.27,0,0,0,0.01,0
10019.jpg,28.05,0.69,1.32,0.04,0.13,0.41,0.01,0.02,8.5,0.04,54.55,0.01,0.06,6.17,0,0,0,0,0
1001.jpg,18.63,0.78,9.47,0.39,0.14,0.18,0,0,15.51,4.9,45.59,0,0,4.27,0,0,0,0.13,0
10020.jpg,28.13,0.38,2.66,0.08,1.58,0.38,0,0.01,5.67,0.57,55.49,0.04,0.31,4.65,0,0,0,0.01,0.03
10021.jpg,29.78,1.38,2.1,0.01,0.27,0.82,0,0.04,6.78,0.06,55.78,0.04,0.02,2.83,0,0,0,0.03,0.05
10022.jpg,32.18,0.53,0.98,0.01,0.04,0.45,0.04,0,8.83,0,55.06,0,0.03,1.69,0,0,0,0.08,0.07
10023.jpg,21.24,2.58,0.88,0.48,8.26,0.55,0.03,0.1,21.76,0.68,41.85,0,0.24,1.11,0,0,0,0.23,0
10024.jpg,32.18,0.53,0.98,0.01,0.04,0.45,0.04,0,8.83,0,55.06,0,0.03,1.69,0,0,0,0.08,0.07
10025.jpg,30.26,1.07,1.54,0.15,0.26,0.45,0.19,0,9.34,0,54.16,0.01,0,2.5,0,0,0,0.06,0
10026.jpg,32.18,0.53,0.98,0.01,0.04,0.45,0.04,0,8.83,0,55.06,0,0.03,1.69,0,0,0,0.08,0.07
10027.jpg,25.92,0.43,1.74,0,6.35,0.45,0.01,0.02,22.23,0.16,41,0,0.41,1.26,0,0,0,0.01,0
10028.jpg,29.69,0.87,1.06,0.08,0.08,0.19,0.01,0,8.07,0.01,54.79,0.02,0.22,2.25,0,2.6,0,0.04,0
10029.jpg,32.18,0.53,0.98,0.01,0.04,0.45,0.04,0,8.83,0,55.06,0,0.03,1.69,0,0,0,0.08,0.07
1002.jpg,15.67,0.49,9.88,0,0.07,0.06,0,0,23.5,5.32,40.57,0,0,4.44,0,0,0,0,0
10030.jpg,24.03,1.19,1.25,0.03,1.54,0.75,0.01,0,15.57,0.02,47.91,0.01,0.02,7.53,0,0.08,0,0.04,0
10031.jpg,30.26,1.07,1.54,0.15,0.26,0.45,0.19,0,9.34,0,54.16,0.01,0,2.5,0,0,0,0.06,0
10032.jpg,30.26,1.07,1.54,0.15,0.26,0.45,0.19,0,9.34,0,54.16,0.01,0,2.5,0,0,0,0.06,0
10033.jpg,30.56,1.55,1.7,0.1,0.11,0.63,0,0,8,0,54.96,0.03,0.3,1.74,0,0,0,0.25,0.07
10034.jpg,30.26,1.07,1.54,0.15,0.26,0.45,0.19,0,9.34,0,54.16,0.01,0,2.5,0,0,0,0.06,0
10035.jpg,25.92,0.43,1.74,0,6.35,0.45,0.01,0.02,22.23,0.16,41,0,0.41,1.26,0,0,0,0.01,0
10036.jpg,30.26,1.07,1.54,0.15,0.26,0.45,0.19,0,9.34,0,54.16,0.01,0,2.5,0,0,0,0.06,0
10037.jpg,30.26,1.07,1.54,0.15,0.26,0.45,0.19,0,9.34,0,54.16,0.01,0,2.5,0,0,0,0.06,0
10038.jpg,24.27,3.72,0.8,1.91,2.88,0.7,0.01,0.06,35.05,0.44,28.52,0,0,1.6,0,0,0,0.03,0.01
10039.jpg,26.83,2.1,0.22,0.54,2.24,0.14,0.05,0.14,23.78,1.27,42.02,0,0,0.55,0,0,0,0,0.09
1003.jpg,11.54,0.51,10.79,0.52,0.07,0.07,0,0,18.35,5.58,41.32,0.01,0,11.07,0,0,0,0.14,0
10040.jpg,26.36,3.2,0,0.22,0.63,0.15,0,0.01,35.53,0.58,32.62,0,0,0.63,0,0,0,0.07,0
10041.jpg,26.03,1.16,0.43,0.27,4.64,0.6,0.07,0.14,30.51,0.01,33.44,0,0,2.56,0,0,0.06,0.06,0.02
10042.jpg,31.98,0.83,0.23,0,0.15,0.11,0.01,0,12.38,0.01,52.51,0.01,0,0.64,0,0.83,0,0.25,0.04
10043.jpg,23.21,1.3,12.64,0,0,0.41,0,0.03,6.49,0.07,48.03,0.09,0.03,7.63,0,0,0,0.03,0.03
10044.jpg,27.21,2.13,9.59,0.41,2.93,0.56,0,0,9.12,0.53,45.81,0.31,0.01,0.65,0,0,0,0.04,0.69
10045.jpg,26.22,1.14,2.26,0.42,2.71,0.88,0,0.07,16.52,0.12,46.53,0.03,0.06,1.34,0,0.08,0,1.38,0.24
10046.jpg,30.67,1,1.43,0.11,1.03,0.45,0.01,0,15.24,0.51,48.68,0.03,0.01,0.76,0,0,0,0,0.09
10047.jpg,31.98,0.83,0.23,0,0.15,0.11,0.01,0,12.38,0.01,52.51,0.01,0,0.64,0,0.83,0,0.25,0.04
10048.jpg,31.98,0.83,0.23,0,0.15,0.11,0.01,0,12.38,0.01,52.51,0.01,0,0.64,0,0.83,0,0.25,0.04
10049.jpg,31.98,0.83,0.23,0,0.15,0.11,0.01,0,12.38,0.01,52.51,0.01,0,0.64,0,0.83,0,0.25,0.04
1004.jpg,20.38,0.19,2.94,0.02,0.86,0.24,0,0.01,14.36,6.32,50.24,0,0,4.43,0,0,0,0.01,0.01
10050.jpg,27.63,2.81,1.59,0.05,2.85,0.45,0.01,0.27,20.72,0.13,41.3,0.08,0,1.76,0,0,0,0.14,0.21
10051.jpg,21.93,1.76,0.2,0,0.08,0.16,0.01,0,31.7,2.08,36.93,0,0,4.4,0,0,0,0.42,0.32
10052.jpg,24.24,2.07,0.25,0.12,4.36,0.85,0.04,0.12,26.79,1.75,37.83,0.04,0,0.89,0,0,0,0.08,0.56
10053.jpg,32.22,0.59,0.38,0.02,0.43,0.21,0,0,12.74,0.47,52.53,0.03,0,0.36,0,0,0,0,0.02
10054.jpg,31.98,0.83,0.23,0,0.15,0.11,0.01,0,12.38,0.01,52.51,0.01,0,0.64,0,0.83,0,0.25,0.04
10055.jpg,27.86,1.41,1.62,0.28,0.18,0.6,0.06,0.13,15.18,0.25,48.69,0,0,3.54,0,0,0,0.2,0
10056.jpg,28.13,0.38,2.66,0.08,1.58,0.38,0,0.01,5.67,0.57,55.49,0.04,0.31,4.65,0,0,0,0.01,0.03
10057.jpg,24.67,0.91,2.6,0.55,0.26,0.31,0.1,0,34.06,1.37,32.79,0,0.03,2.34,0,0,0,0,0
10058.jpg,19.99,4.83,0,0.75,1.82,0.61,0.03,0.01,53.6,1.53,13.94,0.03,0,2.72,0,0,0,0.1,0.04
10059.jpg,26.59,0.92,1.46,0.06,0.24,0.82,0.13,0.18,12.91,2.16,50.94,0.14,0.15,2.76,0,0,0,0.53,0
1005.jpg,22.1,0.85,4.06,0,0,0.04,0,0,12.94,6.65,51.12,0,0,2.12,0,0,0,0.12,0.01
10060.jpg,29.92,3.7,0.43,0.05,0.53,0.29,0,0,10.95,0.22,53.35,0.03,0.01,0.52,0,0,0,0,0
10061.jpg,28.13,0.38,2.66,0.08,1.58,0.38,0,0.01,5.67,0.57,55.49,0.04,0.31,4.65,0,0,0,0.01,0.03
10062.jpg,30.5,1.12,1.3,0.43,0.57,0.6,0.03,0.08,12.69,0.6,50.86,0,0,1.18,0,0,0,0.04,0
10063.jpg,31.12,1.59,0.45,0,0.14,0.62,0,0.02,15.27,0.64,49.03,0,0,1.05,0.02,0,0,0.03,0.02
10064.jpg,28.57,0.03,0.15,0,0.46,0.4,0.02,0.02,20.62,2.85,44.83,0,0,2.04,0,0,0,0.01,0
10065.jpg,27.19,1.06,0.49,0,0.03,0.4,0,0.06,18.55,2.19,46.23,0.03,0,3.6,0,0,0,0.13,0.06
10066.jpg,27.16,0.42,0.8,0.01,0,0.42,0,0.01,16.4,3.44,47.81,0,0,3.51,0,0,0,0.01,0
10067.jpg,26.72,1,0.04,0,0.02,0.42,0,0.06,22.05,3.07,42.71,0.01,0,3.86,0,0,0,0.05,0
10068.jpg,24.32,0.14,0.68,0.03,0.14,0.29,0.03,0.02,16.25,2.96,47.73,0.03,0,7.33,0,0,0,0,0.05
10069.jpg,28.13,0.38,2.66,0.08,1.58,0.38,0,0.01,5.67,0.57,55.49,0.04,0.31,4.65,0,0,0,0.01,0.03
1006.jpg,17.8,2.79,7.15,0.45,7.05,0.27,0.01,0,18.07,3.8,42.24,0.02,0,0.15,0,0,0,0.19,0
10070.jpg,30.56,1.55,1.7,0.1,0.11,0.63,0,0,8,0,54.96,0.03,0.3,1.74,0,0,0,0.25,0.07
10071.jpg,29.78,1.38,2.1,0.01,0.27,0.82,0,0.04,6.78,0.06,55.78,0.04,0.02,2.83,0,0,0,0.03,0.05
10072.jpg,19.14,1.8,0.02,0,0.02,0.48,0,0.01,27.94,0.24,41.02,0.02,0,9.01,0,0,0,0.3,0
10073.jpg,31.52,0.65,0.97,0.02,0.07,0.54,0.02,0.01,8.55,0.01,55.43,0.02,0.05,1.96,0,0,0,0.16,0.02
10074.jpg,29.78,1.38,2.1,0.01,0.27,0.82,0,0.04,6.78,0.06,55.78,0.04,0.02,2.83,0,0,0,0.03,0.05
10075.jpg,26.85,0.78,0.8,0.18,3.32,0.66,0.04,0.19,15.02,0.85,50.33,0.05,0,0.92,0,0,0,0,0.01
10076.jpg,29.78,1.38,2.1,0.01,0.27,0.82,0,0.04,6.78,0.06,55.78,0.04,0.02,2.83,0,0,0,0.03,0.05
10077.jpg,25.42,2.07,3.12,0.15,0.46,1.39,0.11,0.17,12.45,0.7,50.06,0.19,0.16,2.9,0,0,0,0.34,0.32
10078.jpg,30.56,1.55,1.7,0.1,0.11,0.63,0,0,8,0,54.96,0.03,0.3,1.74,0,0,0,0.25,0.07
10079.jpg,16.76,1.24,0.96,0.13,1.12,0.75,0.04,0,29.28,1.92,39.12,0.26,0.1,8.23,0,0,0,0.08,0.01
1007.jpg,22.78,2.19,28.03,0.01,6.2,0.54,0,0.04,4.71,0.88,33.37,0.07,0.01,0.94,0,0,0,0.18,0.06
10080.jpg,30.56,1.55,1.7,0.1,0.11,0.63,0,0,8,0,54.96,0.03,0.3,1.74,0,0,0,0.25,0.07
10081.jpg,30.56,1.55,1.7,0.1,0.11,0.63,0,0,8,0,54.96,0.03,0.3,1.74,0,0,0,0.25,0.07
10082.jpg,24.27,3.72,0.8,1.91,2.88,0.7,0.01,0.06,35.05,0.44,28.52,0,0,1.6,0,0,0,0.03,0.01
10083.jpg,26.83,2.1,0.22,0.54,2.24,0.14,0.05,0.14,23.78,1.27,42.02,0,0,0.55,0,0,0,0,0.09
10084.jpg,26.36,3.2,0,0.22,0.63,0.15,0,0.01,35.53,0.58,32.62,0,0,0.63,0,0,0,0.07,0
10085.jpg,26.03,1.16,0.43,0.27,4.64,0.6,0.07,0.14,30.51,0.01,33.44,0,0,2.56,0,0,0.06,0.06,0.02
10086.jpg,31.98,0.83,0.23,0,0.15,0.11,0.01,0,12.38,0.01,52.51,0.01,0,0.64,0,0.83,0,0.25,0.04
10087.jpg,24.79,0.41,11.2,0.59,1.36,0.26,0,0.02,3.83,0.1,45.7,0.88,0.51,5.45,0,3.29,0.82,0.5,0.29
10088.jpg,23.29,0.7,2.32,1.02,0.15,0.19,0.03,0,18.73,0.01,45.09,0.02,0,8.45,0,0,0,0,0
10089.jpg,23.99,3.22,1.75,1.09,0.06,0.87,0.01,0.19,19.14,0.41,46.33,0.06,0,2.87,0,0,0,0,0.01
1008.jpg,22.78,2.19,28.03,0.01,6.2,0.54,0,0.04,4.71,0.88,33.37,0.07,0.01,0.94,0,0,0,0.18,0.06
10090.jpg,33.04,0.29,0.2,0,0.14,0.31,0,0.04,12.33,0.18,52.87,0.1,0.02,0.35,0,0,0,0.07,0.06
10091.jpg,31.98,0.83,0.23,0,0.15,0.11,0.01,0,12.38,0.01,52.51,0.01,0,0.64,0,0.83,0,0.25,0.04
10092.jpg,27.63,2.81,1.59,0.05,2.85,0.45,0.01,0.27,20.72,0.13,41.3,0.08,0,1.76,0,0,0,0.14,0.21
10093.jpg,26.72,1.42,0.64,0,3.16,0.25,0,0.01,24.93,1.08,39.78,0.01,0,1.94,0,0.03,0,0.03,0
10094.jpg,24.24,2.07,0.25,0.12,4.36,0.85,0.04,0.12,26.79,1.75,37.83,0.04,0,0.89,0,0,0,0.08,0.56
10095.jpg,32.39,0.2,0.06,0,0,0.23,0.01,0.01,12.53,0.56,52.93,0.04,0.04,0.81,0,0,0,0,0.18
10096.jpg,31.98,0.83,0.23,0,0.15,0.11,0.01,0,12.38,0.01,52.51,0.01,0,0.64,0,0.83,0,0.25,0.04
10097.jpg,16.46,1.79,20.5,0.02,0.64,0.2,0,0.02,4.11,7.41,45.45,1.01,0,2.22,0,0,0,0.06,0.12
10098.jpg,4.26,0.16,34.84,0,0.05,0.3,0,0,0.53,15.12,38.84,0,0,4.69,0,0,0,1.02,0.19
10099.jpg,4.72,0.95,30.74,0.23,3.33,0.26,0,0,0.41,15.9,38.64,0,0,3.84,0,0,0,0.86,0.11
1009.jpg,26.27,0.3,1.53,0.2,2.46,0.13,0.03,0,7.9,1.89,54.48,0.02,0,4.5,0,0,0,0.29,0
100.jpg,12.79,0.05,0.09,0.62,0,0,0,0,24.44,4.45,45.08,0.01,0,12.47,0,0,0,0.01,0
10100.jpg,9.67,0.06,25.94,0.01,0.28,0.16,0,0,2.19,9.63,43.7,0,0,8.27,0,0,0,0.06,0.02
10101.jpg,18.82,0.82,34.21,0,0.24,0.27,0,0,0.06,2.76,36.79,0,0,4.85,0,0,0,0.88,0.29
10102.jpg,22.73,0.08,17.13,0,0.4,1.02,0.01,0.01,1.72,2.39,48.24,0.1,0.04,4.5,0,0,0,1.27,0.37
10103.jpg,11.69,1.63,29.63,0.22,0.36,0.12,0,0,0.04,8.49,42.24,0,0,5.49,0,0,0,0.08,0
10104.jpg,9.84,4.01,8.44,0.15,0,0.25,0,0,6.25,11.77,56.22,0.67,0,1.87,0.29,0,0,0.24,0
10105.jpg,16.95,1.26,13.33,1.57,0.55,0.15,0,0,2.76,4.77,52.74,0.35,0,4.85,0,0,0,0.23,0.5
10106.jpg,1.93,0.13,31.3,0.92,0.24,0.04,0,0.17,7.04,6.07,41.67,0.26,0,4.42,0,4.9,0.06,0.6,0.24
10107.jpg,22.73,0.08,17.13,0,0.4,1.02,0.01,0.01,1.72,2.39,48.24,0.1,0.04,4.5,0,0,0,1.27,0.37
10108.jpg,22.58,4.86,2.38,0.85,0.4,1.01,0.1,0.18,15.77,0.36,48.93,0,0.41,1.46,0,0,0,0.55,0.15
10109.jpg,24.15,4.51,4.91,1.1,0.34,0.87,0,0.06,14.8,0.16,48.03,0.12,0.2,0.47,0,0,0,0.24,0.02
1010.jpg,29.03,0.95,2.26,0.01,2.93,0.09,0,0,8.4,0.6,54.03,0,0,1.56,0,0,0,0.13,0
10110.jpg,20.43,0.11,12.33,0,0.12,0.17,0,0,2.65,0.18,53.91,0,0,9.6,0,0,0,0.24,0.25
10111.jpg,16.31,0.62,13.26,0.1,6.49,0.42,0,0.01,2.05,4.61,50.8,0,0,4.94,0.06,0,0,0.12,0.19
10112.jpg,22.73,0.08,17.13,0,0.4,1.02,0.01,0.01,1.72,2.39,48.24,0.1,0.04,4.5,0,0,0,1.27,0.37
10113.jpg,25.92,1.99,14.98,0.21,1.59,0.62,0,0.02,1,0.17,49.96,0.34,0.09,2.49,0,0,0,0.24,0.38
10114.jpg,21.53,1.03,28.04,0.08,0,0.15,0.02,0,1.36,1.02,38.15,0,0,7.66,0,0,0,0.76,0.2
10115.jpg,9.14,0.73,27.33,0.45,0.71,0.21,0,0.02,1.32,6.55,43.59,0,0,9.85,0,0,0,0.04,0.07
10116.jpg,22.73,0.08,17.13,0,0.4,1.02,0.01,0.01,1.72,2.39,48.24,0.1,0.04,4.5,0,0,0,1.27,0.37
10117.jpg,30.88,0.76,2.41,0.09,0.02,0.23,0,0,6.56,0.1,56.67,0,0.11,1.73,0,0,0,0.45,0
10118.jpg,31.42,0.93,1.28,0,0.2,0.54,0.03,0.13,7.66,0.16,55.95,0,0.03,1.6,0,0,0,0.07,0
10119.jpg,28.25,2.71,0.04,0.02,0.09,0.42,0,0,12.88,1.67,53.07,0.13,0,0.57,0,0,0,0.15,0
1011.jpg,26.79,0.53,27.7,0.01,1.95,0.52,0,0.06,4.45,1.01,35.19,0.07,0,1.38,0,0,0,0.13,0.21
10120.jpg,20.28,3.6,0,0,0.37,0.34,0,0,17.83,3.92,48.8,0.12,1.57,1.72,0,0,0,1.46,0
10121.jpg,21.55,4.19,0,0.1,0.35,0.31,0,0,22.45,3.82,44.62,0.07,0,2.19,0,0,0,0.34,0
10122.jpg,21.75,5.19,0.08,0.04,0.2,0.59,0,0,19.63,3.27,47.45,0.01,0.09,0.37,0,0,0,1.33,0
10123.jpg,22.14,2.39,0.07,0.01,0.4,0.59,0,0,16.18,3.86,49.83,0.01,0.57,3.74,0,0,0,0.22,0
10124.jpg,22.78,3.65,0.15,0.02,0.82,0.29,0,0.01,19.55,5.21,46.44,0,0.12,0.44,0,0,0,0.51,0
10125.jpg,17.21,4.09,0,0.03,1.01,0.25,0,0,19.2,6.02,46.74,0.11,1,2.64,0,0,0,1.72,0
10126.jpg,23.13,3.8,0.37,0,0.55,0.65,0,0.14,18.01,3.02,47.63,0.17,0.71,1.03,0,0,0,0.8,0
10127.jpg,18.69,3.01,0,0.01,0.43,0.49,0,0,21.59,5.11,44.69,0.18,0.13,5.18,0,0,0,0.38,0.1
10128.jpg,21.69,4.46,0.05,0.02,0.14,0.36,0,0,20.27,4.05,46.69,0.02,0.25,1.89,0,0,0,0.13,0
10129.jpg,23.52,2.51,0,0.02,0.4,0.36,0.01,0,16.13,7.11,49.19,0.01,0.1,0.17,0,0,0,0.47,0
1012.jpg,26.79,0.53,27.7,0.01,1.95,0.52,0,0.06,4.45,1.01,35.19,0.07,0,1.38,0,0,0,0.13,0.21
10130.jpg,21.24,4.71,0.05,0.08,0.59,0.59,0,0,19.07,5.7,46.97,0.02,0,0.49,0,0,0,0.48,0
10131.jpg,23.08,3.2,0.05,0.12,0.44,0.25,0,0,18.69,5.35,47.57,0,0.03,1.06,0,0,0,0.15,0
10132.jpg,22.77,3.46,0.02,0.27,0.37,0.25,0,0,20.28,3.97,46.87,0,0.82,0.15,0,0,0,0.76,0.01
10133.jpg,25.52,2.99,0.07,0.17,0.09,0.62,0,0.04,16.85,3.8,48,0,0.29,0.84,0,0,0,0.69,0.02
10134.jpg,24.68,3.02,3.22,0.07,0.24,0.6,0,0.01,16.14,1.93,47.34,0.18,0.24,1.88,0,0,0,0.43,0.03
10135.jpg,23.83,2.28,0.04,0.03,0.65,0.49,0.02,0,21.39,3.91,45.69,0,0,0.31,0,0,0,1.36,0
10136.jpg,23.84,3.43,0.68,0.02,0.11,0.56,0,0,16.11,2.47,49.9,0.27,0,1.79,0,0,0,0.82,0
10137.jpg,27.87,3.18,2.99,0.22,0,0.39,0,0,12.64,0.63,51.36,0.11,0.01,0.25,0,0,0,0.3,0.04
10138.jpg,25.07,3.24,0.02,0.02,0,0.3,0,0.01,22.82,3.02,44.63,0.04,0.07,0.67,0,0,0,0.1,0
10139.jpg,19.26,6.52,0.02,0.09,0.49,0.25,0,0,22.03,2.73,45.44,0.17,0.29,2.03,0,0,0,0.67,0.02
1013.jpg,22.78,2.19,28.03,0.01,6.2,0.54,0,0.04,4.71,0.88,33.37,0.07,0.01,0.94,0,0,0,0.18,0.06
10140.jpg,21.49,6.51,0.05,0,0.43,0.31,0.01,0.01,18.62,3.48,48.09,0.16,0.04,0.26,0,0,0,0.52,0.03
10141.jpg,20.5,7.01,0,0,0.16,0.86,0.05,0.63,18.37,2.71,47.91,0.43,0.03,1.17,0,0,0,0.16,0
10142.jpg,15.21,3.14,0.14,0,0.28,0.49,0,0.36,18.59,3.51,48.24,0.12,0.36,8.66,0,0,0,0.89,0
10143.jpg,21.24,4.57,0.04,0.06,0.53,0.46,0.02,0.02,16.04,2.7,51.1,0.01,0,3.18,0,0,0,0.02,0
10144.jpg,23.04,5.08,0.06,0.06,0.33,0.13,0,0.01,20.67,2.41,46.61,0,0.1,1.09,0,0,0,0.41,0
10145.jpg,20.9,6.22,0,0.13,0.01,0.33,0,0.06,24.29,2.86,43.44,0.01,0.01,1.56,0,0,0,0.17,0
10146.jpg,22.03,4.34,1.32,0.17,0.33,0.83,0.11,0.11,20.6,3.55,44.38,0.06,0.01,1.85,0,0,0,0.3,0.01
10147.jpg,24.09,1.71,0.12,1.61,0.18,0.46,0,0,23.43,4.29,43.18,0,0,0.68,0,0,0,0.26,0
10148.jpg,24.07,1.56,0.07,0,0.45,0.45,0,0,21.26,3.57,46.04,0,0.02,1.74,0,0,0,0.77,0
10149.jpg,25.97,2.22,0.19,0.02,0.13,0.2,0,0.01,16.75,3.21,48.99,0.01,0,2.21,0,0,0,0.1,0
1014.jpg,21.32,0.99,23.29,0.03,0.04,0.6,0,0.03,4.7,2.67,38.43,0.01,0,7.64,0,0,0,0.24,0.02
10150.jpg,21.44,1.14,0.02,0.1,0.1,0.46,0.01,0,18.27,0.88,47.87,0,0,9.69,0,0,0,0.03,0
10151.jpg,29.45,0.79,1.08,0,0.27,0.71,0.03,0.11,10.72,1.68,53.46,0,0,1.71,0,0,0,0,0
10152.jpg,31.42,0.93,1.28,0,0.2,0.54,0.03,0.13,7.66,0.16,55.95,0,0.03,1.6,0,0,0,0.07,0
10153.jpg,27.79,1.96,0.16,0.94,1.21,0.18,0,0.11,11.14,1.12,52.65,0.01,0,1.25,0,1.46,0,0.01,0
10154.jpg,22.37,6.41,0.82,1.65,0.33,1.13,0.01,0.05,8.68,0.45,54.68,0,0.01,3.33,0,0,0,0.07,0.01
10155.jpg,31.42,0.93,1.28,0,0.2,0.54,0.03,0.13,7.66,0.16,55.95,0,0.03,1.6,0,0,0,0.07,0
10156.jpg,26.86,1.53,0.31,0.09,0.08,0.4,0.01,0,16.76,2.61,50.2,0.02,0,1.12,0,0,0,0,0
10157.jpg,24.06,3.48,3.34,0.25,2.31,0.42,0.02,0,16.16,0.8,46.94,0.05,0.01,1.58,0,0,0,0.58,0.01
10158.jpg,25.28,3.04,0.33,0.28,0.04,0.3,0,0,23.19,2.37,44.32,0.01,0,0.75,0,0,0,0.1,0
10159.jpg,24.8,3,0.22,0.13,0.04,0.37,0,0,22.7,1.64,44.9,0,0,2.17,0,0,0,0.03,0
1015.jpg,21.42,0.54,24.83,0.13,0.81,0.72,0,0,4.08,2.93,36.78,0,0,7.75,0,0,0,0,0
10160.jpg,24.07,4,0.32,0.04,0.02,0.31,0.02,0,21,1.91,46.57,0,0,1.54,0,0,0,0.18,0
10161.jpg,25.42,4.24,0.76,0.04,0.1,0.1,0,0,17.76,0.87,49.4,0,0,0.76,0,0,0,0.56,0
10162.jpg,25.24,3.77,0.38,0.23,0,0.23,0,0,22.01,2.03,45.58,0,0,0.38,0,0,0,0.16,0
10163.jpg,24.65,3.15,0.04,0.99,0.01,0.32,0,0,24.37,2.96,42.46,0,0,0.96,0,0,0,0.06,0.04
10164.jpg,23.75,4.16,0.16,0.73,0.01,0.52,0,0,22.69,1.67,43.94,0,0,2.34,0,0,0,0.02,0
10165.jpg,23.96,2.43,0.94,1.33,0.03,0.24,0,0,21.3,2.18,45.04,0,0,2.37,0,0,0,0.17,0
10166.jpg,25.49,3.15,3.42,0.15,0.87,0.15,0,0.01,14.18,1.89,48.38,0,0,1.93,0,0,0,0.38,0
10167.jpg,24.04,4.54,0.1,0.72,0.15,0.33,0,0,18.85,2.81,47.43,0.02,0,0.83,0,0,0,0.17,0
10168.jpg,29.76,0.85,1.87,0.31,0.5,0.37,0,0.02,6.59,0.01,56.57,0.02,0.1,2.84,0,0,0,0.18,0
10169.jpg,30.88,0.76,2.41,0.09,0.02,0.23,0,0,6.56,0.1,56.67,0,0.11,1.73,0,0,0,0.45,0
1016.jpg,24.14,4.32,22.62,0.06,0.49,1.26,0.01,0.01,3.39,0.76,39.36,0.03,0,3.11,0,0,0,0.42,0.01
10170.jpg,26.63,3.87,8.07,0.32,0.26,0.51,0.02,0,10.83,0.86,48.19,0,0,0.44,0,0,0,0,0
10171.jpg,26.75,4.05,8.53,2.06,1.98,0.44,0.04,0.21,9.09,0.41,46.26,0.04,0,0.07,0,0,0,0.02,0.06
10172.jpg,24.4,3.74,4.68,0.27,1.03,1.96,0.93,0.19,11.18,0.08,46.58,0,0.03,4.89,0,0,0,0.03,0.01
10173.jpg,30.88,0.76,2.41,0.09,0.02,0.23,0,0,6.56,0.1,56.67,0,0.11,1.73,0,0,0,0.45,0
10174.jpg,33.37,0.45,2.68,0.08,1.91,0.5,0,0.01,1.82,0.69,57.83,0.08,0,0.55,0,0,0,0.01,0
10175.jpg,32.63,0.88,2.69,0.08,1.93,0.59,0.02,0,1.8,0.54,56.86,0,0,1.66,0,0.3,0,0,0.03
10176.jpg,31.65,1.87,6.15,0.73,2.76,0.68,0.05,0.2,1.05,1.1,53.44,0,0,0.3,0,0,0,0,0.04
10177.jpg,25.77,4.82,6.16,0.58,1.85,0.19,0.03,0,3.35,1.17,53.74,0,0,2.32,0,0,0,0,0.01
10178.jpg,25.65,6.13,4.1,0.07,4.06,0.27,0.05,0.04,3.37,0.24,54.04,0,0,1.54,0,0.46,0,0,0
10179.jpg,26.76,5.76,4.87,0.14,3.51,0.77,0.03,0,3.11,0.42,54.19,0.01,0,0.33,0,0,0,0,0.08
1017.jpg,16.5,0.44,24.77,0.08,0.27,0.91,0,0.03,7.43,8.8,35.62,0,0,4.44,0.03,0,0,0.67,0.02
10180.jpg,25.01,2.73,2.73,0.14,2.32,0.32,0,0,5.84,6.19,54.53,0,0.04,0.15,0,0,0,0,0
10181.jpg,25.54,2.34,2.94,0.24,0.84,0.45,0.01,0.09,4.96,6.06,56.29,0.02,0,0.21,0,0,0,0.01,0
10182.jpg,32.63,0.88,2.69,0.08,1.93,0.59,0.02,0,1.8,0.54,56.86,0,0,1.66,0,0.3,0,0,0.03
10183.jpg,32.63,0.88,2.69,0.08,1.93,0.59,0.02,0,1.8,0.54,56.86,0,0,1.66,0,0.3,0,0,0.03
10184.jpg,25.78,3.34,1.72,0.19,0.1,0.37,0,0.03,15.63,0.95,49.56,0,0,2.26,0,0,0,0.04,0.04
10185.jpg,26.52,2.75,0.18,0.36,0.37,0.64,0,0.02,17.74,1.85,47.98,0.01,0,1.57,0,0,0,0,0.01
10186.jpg,26.75,1.92,0.76,0.35,1.96,0.46,0,0,15.42,2.01,48.97,0.01,0,1.38,0,0,0,0.01,0.01
10187.jpg,26.02,1.64,2.12,0.41,0.65,0.49,0,0.05,15.74,2.97,48.31,0.04,0,1.55,0,0,0,0.01,0
10188.jpg,20.62,0.73,1,0.05,0.79,1.92,0.12,0,7.65,5.77,54.91,0,0,6.38,0,0,0,0.06,0
10189.jpg,32.1,1.12,3.09,0.26,2.86,0.51,0.02,0,1.87,0.57,56.74,0,0,0.81,0.04,0,0,0.02,0
1018.jpg,16.86,0.38,26.25,0,0.01,0.53,0,0,5.73,2.26,34.64,0,0,12.79,0,0,0,0.54,0
10190.jpg,32.63,0.88,2.69,0.08,1.93,0.59,0.02,0,1.8,0.54,56.86,0,0,1.66,0,0.3,0,0,0.03
10191.jpg,27.48,2.07,3.6,0.07,2.22,0.72,0.04,0,4.69,3.75,54.84,0.29,0.06,0.14,0,0,0,0.02,0.01
10192.jpg,25.01,2.73,2.73,0.14,2.32,0.32,0,0,5.84,6.19,54.53,0,0.04,0.15,0,0,0,0,0
10193.jpg,25.54,2.34,2.94,0.24,0.84,0.45,0.01,0.09,4.96,6.06,56.29,0.02,0,0.21,0,0,0,0.01,0
10194.jpg,26.34,2.14,0.38,0.08,2.22,0.86,0.02,0.1,2.13,1.12,59.62,0.01,0,4.81,0.1,0,0,0.05,0.01
10195.jpg,33.37,0.45,2.68,0.08,1.91,0.5,0,0.01,1.82,0.69,57.83,0.08,0,0.55,0,0,0,0.01,0
10196.jpg,26.65,2.01,0.44,1.18,3.33,0.17,0,0,21.24,1.92,42.89,0,0.01,0.15,0,0,0,0.01,0.01
10197.jpg,26.46,2.49,1.15,2.37,2.83,0.34,0,0,13.28,1.98,48.87,0,0,0.21,0,0,0,0.03,0
10198.jpg,31.47,1.79,2.41,0.06,3.13,0.44,0.03,0.01,3.43,0.51,56.18,0,0,0.47,0,0.03,0,0.03,0
10199.jpg,33.37,0.45,2.68,0.08,1.91,0.5,0,0.01,1.82,0.69,57.83,0.08,0,0.55,0,0,0,0.01,0
1019.jpg,22.78,2.19,28.03,0.01,6.2,0.54,0,0.04,4.71,0.88,33.37,0.07,0.01,0.94,0,0,0,0.18,0.06
101.jpg,12.79,0.05,0.09,0.62,0,0,0,0,24.44,4.45,45.08,0.01,0,12.47,0,0,0,0.01,0
10200.jpg,9.31,0.15,22.03,0.14,0.04,0.01,0,0,23.07,5.94,29.75,0,0,9.57,0,0,0,0,0
10201.jpg,30.97,2.8,7.28,0.38,0.72,0.68,0,0.02,5.55,0.01,50.36,0,0,1.18,0,0,0,0,0.07
10202.jpg,30.97,2.8,7.28,0.38,0.72,0.68,0,0.02,5.55,0.01,50.36,0,0,1.18,0,0,0,0,0.07
10203.jpg,31.96,1.59,7.2,0.24,1.73,0.25,0,0.02,4.86,0.1,51.52,0.1,0,0.35,0,0,0,0.05,0.01
10204.jpg,26.63,3.87,8.07,0.32,0.26,0.51,0.02,0,10.83,0.86,48.19,0,0,0.44,0,0,0,0,0
10205.jpg,25.53,2.04,6.15,0.02,0.05,0.61,0,0.01,17.38,0.79,44.34,0,0.01,2.9,0,0,0,0.15,0.01
10206.jpg,31.96,1.59,7.2,0.24,1.73,0.25,0,0.02,4.86,0.1,51.52,0.1,0,0.35,0,0,0,0.05,0.01
10207.jpg,31.96,1.59,7.2,0.24,1.73,0.25,0,0.02,4.86,0.1,51.52,0.1,0,0.35,0,0,0,0.05,0.01
10208.jpg,30.82,1.56,2.58,0,0.37,0.23,0,0.01,8.89,0.23,54.17,0.04,0,1.09,0,0,0,0,0
10209.jpg,23.36,0.51,5.88,0.09,0,0.24,0,0.01,17.35,0.97,45.1,0,0,6.48,0,0,0,0.02,0
1020.jpg,30.03,1.88,3.31,3.47,0.66,0.4,0,0.14,4.84,0.07,54.15,0.05,0.02,0.88,0,0,0,0.03,0.06
10210.jpg,25.26,2.72,8.13,0.5,0.48,0.17,0,0,17.37,0.98,42.12,0.04,0.01,1.82,0,0,0,0.38,0.01
10211.jpg,25.54,2.86,1.24,0.06,0.28,0.45,0,0,18.65,2,47.71,0.01,0,1.18,0,0,0,0.01,0
10212.jpg,24.99,2.76,6.27,0.36,0.46,0.26,0,0,15.81,0.55,45.62,0,0,2.85,0,0,0,0.07,0
10213.jpg,23.93,1.97,12.05,0.18,0.06,0.31,0,0.01,14.01,1.14,42.16,0,0,4.05,0,0,0,0.12,0.02
10214.jpg,24.47,2.06,8.29,0.02,0.22,0.48,0,0.04,17.91,1.8,40.77,0.02,0.03,3.77,0,0,0,0.08,0.03
10215.jpg,24.79,3.63,9.08,0.53,0.12,0.36,0,0.01,15.31,1.77,42.42,0,0.01,1.9,0,0,0,0.06,0
10216.jpg,28.86,4.45,7.7,0.35,0.48,0.41,0,0,6.85,0.37,49.91,0,0,0.58,0,0,0,0.02,0.03
10217.jpg,31.96,1.59,7.2,0.24,1.73,0.25,0,0.02,4.86,0.1,51.52,0.1,0,0.35,0,0,0,0.05,0.01
10218.jpg,25.22,3.03,7.27,0.01,0.08,0.43,0,0,9.17,1.09,49.98,0.03,0.01,2.78,0.05,0,0,0.85,0.01
10219.jpg,22.74,2.5,1.84,0.02,0.05,0.57,0,0.11,16.66,1.55,51.54,0.43,0.11,1.51,0,0,0,0.35,0.01
1021.jpg,27.93,2.87,4.74,1.51,0.14,0.25,0,0.02,6.77,0,53.62,0.01,0.05,1.42,0,0,0,0.66,0
10220.jpg,25.12,1.06,2.29,0.06,0.58,0.75,0.05,0.03,16.06,2.51,51.06,0.14,0,0.26,0,0,0,0.02,0
10221.jpg,31.15,2.12,4.74,0,0.01,0.61,0.01,0.02,6.43,0.01,53.87,0.1,0,0.91,0,0,0,0.01,0
10222.jpg,31.8,1.05,3.94,0.29,0.55,0.23,0.01,0.14,4.2,0.03,56.13,0.13,0.04,1.38,0,0,0,0.04,0.04
10223.jpg,30.82,1.56,2.58,0,0.37,0.23,0,0.01,8.89,0.23,54.17,0.04,0,1.09,0,0,0,0,0
10224.jpg,26.18,3.28,2.12,0.33,1.76,0.73,0,0.03,14.77,2.13,48.08,0,0.01,0.47,0.05,0.04,0,0.03,0
10225.jpg,24.76,1.01,2.57,0.09,0.66,0.31,0.01,0.12,16.93,1.46,48.07,0,0,3.93,0,0,0,0.07,0
10226.jpg,23.21,4.33,3.9,0,0.02,1.69,0,0.11,6.75,2.26,53.55,0,0,4.13,0,0,0,0.05,0
10227.jpg,26.69,2.04,4.05,0.1,0.71,0.35,0,0.06,4.79,0.49,55.97,0,0,4.64,0,0,0,0.09,0
10228.jpg,31.8,1.05,3.94,0.29,0.55,0.23,0.01,0.14,4.2,0.03,56.13,0.13,0.04,1.38,0,0,0,0.04,0.04
10229.jpg,31.52,1.53,3.77,0.02,0.25,0.31,0.01,0.06,4.8,0.16,56.24,0.07,0,1.2,0,0,0,0,0.06
1022.jpg,25.94,4.2,1.06,0.34,0.07,0.88,0,0.08,16.25,0.89,49.55,0.02,0,0.53,0,0,0,0.09,0.11
10230.jpg,31.8,1.05,3.94,0.29,0.55,0.23,0.01,0.14,4.2,0.03,56.13,0.13,0.04,1.38,0,0,0,0.04,0.04
10231.jpg,25.82,2.88,0.03,0.55,2.9,0.55,0,0,22.01,2.44,42.41,0,0,0.39,0,0,0,0.02,0
10232.jpg,25.43,3.51,0.01,1.19,2.85,0.44,0,0.01,15.65,2.36,47.96,0,0.06,0.5,0,0,0,0.03,0
10233.jpg,28.72,3.06,0.05,0.9,1.13,0.46,0.01,0,7.22,1.35,57.02,0,0,0.07,0,0,0,0,0
10234.jpg,27.25,3.8,0.02,3.11,1.78,0.69,0,0.02,6.87,0.18,55.77,0,0,0.51,0,0,0,0,0
10235.jpg,25.7,2.56,0.11,2.4,3.47,0.31,0,0,11.95,1.09,51.69,0,0,0.49,0,0,0,0.02,0.21
10236.jpg,33.2,1.17,0.26,0.51,2.35,0.45,0.07,0,2.48,0.08,59.27,0,0.01,0.15,0,0,0,0,0.01
10237.jpg,31.98,1.35,0.04,1.58,1.89,0.54,0.05,0,3.54,0.03,58.57,0,0,0.41,0,0,0,0.01,0
10238.jpg,24.12,1.42,0.83,2.43,2.62,0.13,0.01,0,1.52,7.83,58.67,0,0,0.37,0,0,0,0.02,0.01
10239.jpg,23.38,2.08,0.87,4.19,1.9,0.08,0,0.07,0.34,6.61,59.47,0,0,0.67,0,0,0,0.02,0.32
1023.jpg,27.93,2.87,4.74,1.51,0.14,0.25,0,0.02,6.77,0,53.62,0.01,0.05,1.42,0,0,0,0.66,0
10240.jpg,24.56,0.74,1.05,3.12,1.08,0.14,0,0,1.14,8.52,59.38,0,0.01,0.21,0,0,0,0.01,0.04
10241.jpg,28.06,0.65,1.95,2.38,1.7,0.12,0,0,0.66,4.66,59.24,0,0.01,0.52,0,0,0,0,0.05
10242.jpg,24.3,1.31,1.33,9.4,0.38,0.05,0,0,0.83,1.39,58.99,0.01,0,2.02,0,0,0,0,0
10243.jpg,23.56,2.77,2.51,7.37,1.2,0,0,0,2.17,0.51,58.01,0,0.01,1.89,0,0,0,0,0
10244.jpg,26.52,0.73,1.97,5.4,0.29,0.1,0.04,0,3.11,0.37,57.77,0,0,3.69,0,0,0,0,0
10245.jpg,19.92,2,1.51,1.73,0.64,0.37,0,0,7.14,1.84,54.02,0,0.02,8.91,1.81,0,0,0.08,0
10246.jpg,25.25,2.41,2.03,3.04,2,0.34,0,0,4.76,3.09,54.74,0,0.03,0.68,0,1.61,0,0.02,0
10247.jpg,24.73,0.96,2.33,2.67,1.46,0.28,0,0,6.31,4.31,53.66,0,0,3.28,0,0,0,0,0
10248.jpg,26.19,2.68,1.86,1.3,0.66,0.43,0.01,0,7.5,5.24,53.83,0,0.02,0.27,0,0,0,0.02,0
10249.jpg,25.11,3.34,2.02,3.46,0.85,0.27,0,0,7.87,3.43,53.32,0,0,0.25,0,0,0,0.02,0.06
1024.jpg,27.93,2.87,4.74,1.51,0.14,0.25,0,0.02,6.77,0,53.62,0.01,0.05,1.42,0,0,0,0.66,0
10250.jpg,25.32,2.83,1.34,3.26,1.79,0.21,0,0,7.96,3.99,53.09,0,0,0.2,0,0,0,0.01,0
10251.jpg,13.92,7.12,3.08,2.56,0.44,0.07,0,0,0.47,14.39,57.13,0,0,0.79,0,0,0,0,0.02
10252.jpg,19.13,4.45,1.89,4.23,0.9,0.08,0,0,1.56,9.71,57.32,0,0,0.73,0,0,0,0,0.01
10253.jpg,19.74,1.58,1.88,0.37,1.67,0.12,0,0,0.4,14.47,58.57,0.01,0,1.19,0,0,0,0,0
10254.jpg,11.02,5.53,2,0.79,0.21,0.29,0,0,0.76,18.55,59.25,0,0,1.58,0,0,0,0,0.02
10255.jpg,11.09,7.82,0.82,0.5,0.24,0.12,0,0,0.82,17.72,59.6,0,0,1.25,0,0,0,0,0.03
10256.jpg,26.25,1.85,0.08,6.74,1.3,0.28,0,0,2.03,1.43,59.34,0.02,0,0.64,0,0,0,0.01,0.02
10257.jpg,26,3.12,0.1,6.18,2.2,0.3,0,0,1.67,1.22,59.14,0.01,0,0.05,0,0,0,0,0.01
10258.jpg,25.34,3.72,0.1,5.43,1.43,0.21,0,0,1.97,2.49,59,0.02,0,0.27,0,0,0,0,0.02
10259.jpg,26.13,5.34,0.07,3,0.76,0.09,0,0,2.07,2.03,60.05,0.02,0.01,0.38,0,0,0,0.03,0.02
1025.jpg,28.24,4.12,0.93,0.31,1.11,0.08,0,0.02,9.59,0.04,54.71,0.05,0,0.71,0,0,0,0.02,0.06
10260.jpg,25.27,3.25,0.1,8.48,0.41,0.39,0.01,0,3.45,0.02,58.49,0.08,0,0.06,0,0,0,0,0
10261.jpg,26.29,3.06,0.05,7.16,0.47,0.09,0,0,3.08,0.35,59.37,0.01,0,0.05,0,0,0,0,0.02
10262.jpg,24.48,4.53,0.03,6.42,1.24,0.3,0,0,3.34,0.26,59.15,0,0.01,0.21,0,0,0,0.02,0.01
10263.jpg,19.02,10.82,0.17,3.45,2.81,1.69,0.05,0.02,4.15,0.08,57.56,0.04,0,0.12,0,0,0,0,0.04
10264.jpg,31.98,1.35,0.04,1.58,1.89,0.54,0.05,0,3.54,0.03,58.57,0,0,0.41,0,0,0,0.01,0
10265.jpg,26.63,2.1,0.32,0.15,2.29,0.42,0.01,0,11.05,1.99,52.81,0,0.01,1.95,0,0,0,0.28,0
10266.jpg,27.09,2.13,0.21,1.11,2.54,0.27,0,0.01,14.88,0.77,50.38,0.01,0.21,0.13,0.02,0,0,0.21,0.02
10267.jpg,27.09,3.02,0.31,1.15,1.82,0.56,0.04,0,14.88,1.49,49.27,0.02,0,0.29,0.01,0,0,0.01,0.04
10268.jpg,27.91,3.97,0.89,0.2,1.68,1.29,0.03,0.01,8.58,0.79,54.44,0,0,0.16,0,0,0,0,0.04
10269.jpg,31.98,1.35,0.04,1.58,1.89,0.54,0.05,0,3.54,0.03,58.57,0,0,0.41,0,0,0,0.01,0
1026.jpg,25.07,2.07,5.04,0.45,0.33,0.75,0.02,0.06,11.67,0.04,48.14,0.01,0,6.26,0,0,0,0.1,0
10270.jpg,24.88,2.35,5.53,0.06,0.01,0.25,0,0,13.87,1.18,47.8,0.02,0.04,3.6,0,0,0,0.41,0.01
10271.jpg,27.05,3.27,5.13,0,0,0.52,0,0.01,12.62,0.91,49.49,0,0,0.68,0,0,0,0.19,0.13
10272.jpg,27.86,5.77,4.92,0,0.47,1.39,0.02,0.03,5.85,0.02,52.9,0.04,0,0.69,0,0,0,0.03,0
10273.jpg,31.52,1.53,3.77,0.02,0.25,0.31,0.01,0.06,4.8,0.16,56.24,0.07,0,1.2,0,0,0,0,0.06
10274.jpg,26.17,5.94,3.35,0.07,0.07,0.2,0,0,11.45,0.23,52.1,0.01,0.01,0.33,0.08,0,0,0,0
10275.jpg,25.72,2.29,2.43,0.69,0.34,0.09,0,0,17.88,3.58,46.68,0,0.01,0.22,0,0,0,0.06,0
10276.jpg,24.94,1.53,0.56,0.85,0.08,0.15,0,0.01,20.34,3.94,46.05,0,0.07,1.36,0,0,0,0.12,0
10277.jpg,25.36,0.74,3.21,0.59,3.15,0.19,0,0,16.12,3.11,46.89,0,0.03,0.5,0,0,0,0.11,0
10278.jpg,25.22,3.03,7.27,0.01,0.08,0.43,0,0,9.17,1.09,49.98,0.03,0.01,2.78,0.05,0,0,0.85,0.01
10279.jpg,25.86,3.66,5.92,0,0.31,0.42,0,0,8.14,2.08,51.5,0.02,0,2.06,0,0.01,0,0,0.03
1027.jpg,26.94,1.64,3.09,0.11,0.1,0.25,0,0.01,15.31,0.02,47.79,0.21,0,3.84,0,0,0,0.56,0.13
10280.jpg,21.65,9.07,5.94,0,0.97,0.26,0,0,10.61,0.25,50.41,0.12,0,0.7,0,0,0,0.01,0.01
10281.jpg,27.18,6,6.81,0,1,0.99,0.23,0,4.97,0.04,52.26,0.02,0.02,0.22,0,0,0,0.22,0.02
10282.jpg,31.52,1.53,3.77,0.02,0.25,0.31,0.01,0.06,4.8,0.16,56.24,0.07,0,1.2,0,0,0,0,0.06
10283.jpg,32.11,0.42,0.56,0.02,0.02,0.64,0,0.01,8.78,0.01,55.48,0.04,0.17,1.61,0,0,0,0.01,0.11
10284.jpg,31.97,0.31,0.85,0.01,0.02,0.43,0.01,0,8.43,0.01,55.65,0.02,0,2.09,0,0,0,0.19,0.01
10285.jpg,30.26,1.66,1.34,0.02,0.01,0.45,0,0,8.99,0.01,54.99,0,0.03,2.01,0,0,0,0.13,0.12
10286.jpg,31.97,0.31,0.85,0.01,0.02,0.43,0.01,0,8.43,0.01,55.65,0.02,0,2.09,0,0,0,0.19,0.01
10287.jpg,28.29,2.73,1.47,0.92,0.23,0.5,0,0.09,13.6,0.08,50.56,0.38,0.06,0.95,0,0,0,0.02,0.11
10288.jpg,28.16,3.27,1.03,0.55,0.2,0.6,0,0.01,13.5,0.93,51.36,0,0.06,0.2,0,0,0,0.12,0.02
10289.jpg,27.86,0.13,1.15,0.03,0,0.27,0,0,9.22,0.41,55.36,0,0.16,4.14,0,0,0,1.1,0.14
1028.jpg,27.58,1.65,1.82,2.16,1.73,0.25,0,0.02,13.45,0,49.27,0.01,0,1.87,0,0,0,0.18,0
10290.jpg,31.97,0.31,0.85,0.01,0.02,0.43,0.01,0,8.43,0.01,55.65,0.02,0,2.09,0,0,0,0.19,0.01
10291.jpg,24.1,2.18,6.49,0.32,2.47,0.95,0.03,0.16,13.74,0.24,45.66,0,0,3.53,0,0,0,0.13,0
10292.jpg,19.67,2.97,4.14,0.23,0.75,0.53,0,0.03,13.08,0,47.92,0.01,0,10.58,0,0,0,0.04,0.06
10293.jpg,30.62,1.14,0.77,0.06,0.61,0.47,0.01,0,9.27,0,54.55,0.01,0,2.35,0,0,0,0.14,0
10294.jpg,31.97,0.31,0.85,0.01,0.02,0.43,0.01,0,8.43,0.01,55.65,0.02,0,2.09,0,0,0,0.19,0.01
10295.jpg,30,0.49,1.39,0.48,0.21,0.72,0.01,0.01,8.39,0,54.94,0.06,0.11,3.03,0,0,0,0.08,0.1
10296.jpg,32.11,0.42,0.56,0.02,0.02,0.64,0,0.01,8.78,0.01,55.48,0.04,0.17,1.61,0,0,0,0.01,0.11
10297.jpg,21.61,0.95,2.12,0.85,2.48,0.52,0,0.08,20.95,3.37,41.62,0,0,3.89,0.06,0,0,1.46,0.03
10298.jpg,20.13,0.27,3.26,5.12,0.12,0.19,0,0,23.39,3.22,37.14,0,0.04,7.02,0,0,0,0.09,0
10299.jpg,21.05,2.56,3.89,2.78,0.07,0.38,0.04,0,7.37,0.02,52.9,0,0.39,7.76,0,0,0,0.8,0
1029.jpg,27.95,3.53,4.65,0.83,1.72,0.47,0.06,0.02,7.85,0.02,51.51,0.32,0,0.97,0,0,0,0.08,0.01
102.jpg,27.72,3.22,1.11,1.42,0.75,0.3,0,0.04,14.49,0.2,50.47,0.01,0,0.23,0,0,0,0.04,0
10300.jpg,30,0.49,1.39,0.48,0.21,0.72,0.01,0.01,8.39,0,54.94,0.06,0.11,3.03,0,0,0,0.08,0.1
10301.jpg,32.11,0.42,0.56,0.02,0.02,0.64,0,0.01,8.78,0.01,55.48,0.04,0.17,1.61,0,0,0,0.01,0.11
10302.jpg,20.72,3.21,1.33,0.83,3.74,0.36,0,0.05,19.75,0.21,42.01,0.12,0,7.58,0,0,0,0,0.07
10303.jpg,25.83,2.87,1.27,0.82,3.19,0.48,0.01,0.01,17.39,0.08,46.2,0.02,0.1,1.58,0,0,0,0.12,0.02
10304.jpg,28.08,1.12,3.96,0,3.19,0.45,0.02,0.05,9.07,0.03,51.16,0.03,0,2.66,0,0,0,0.15,0.02
10305.jpg,32.11,0.42,0.56,0.02,0.02,0.64,0,0.01,8.78,0.01,55.48,0.04,0.17,1.61,0,0,0,0.01,0.11
10306.jpg,32.11,0.42,0.56,0.02,0.02,0.64,0,0.01,8.78,0.01,55.48,0.04,0.17,1.61,0,0,0,0.01,0.11
10307.jpg,30,0.49,1.39,0.48,0.21,0.72,0.01,0.01,8.39,0,54.94,0.06,0.11,3.03,0,0,0,0.08,0.1
10308.jpg,30.26,1.66,1.34,0.02,0.01,0.45,0,0,8.99,0.01,54.99,0,0.03,2.01,0,0,0,0.13,0.12
10309.jpg,30.17,1.08,4.38,0.92,1.66,0.39,0,0.06,5,0.12,54.33,0.06,0,1.73,0,0,0,0.08,0.02
1030.jpg,27.93,2.87,4.74,1.51,0.14,0.25,0,0.02,6.77,0,53.62,0.01,0.05,1.42,0,0,0,0.66,0
10310.jpg,28.39,3.18,1.7,0.96,0.43,0.26,0,0,10.87,0.93,52.76,0,0,0.37,0,0,0,0.15,0
10311.jpg,28.28,3.15,0.2,0.04,0.03,0.9,0.03,0.05,15.27,0.34,51.14,0,0.09,0.23,0,0,0,0.23,0.01
10312.jpg,29.34,1.46,0.1,0.26,0.07,0.68,0.01,0,11.77,0.06,53.46,0.05,0.02,2.66,0,0,0,0.07,0
10313.jpg,30.26,1.66,1.34,0.02,0.01,0.45,0,0,8.99,0.01,54.99,0,0.03,2.01,0,0,0,0.13,0.12
10314.jpg,27.99,3.47,3.56,0.09,0.7,0.58,0,0.01,8.1,0.01,53.51,0,0,1.93,0,0,0,0.05,0
10315.jpg,29.9,0.99,1.68,0.05,0.34,0.56,0.02,0.01,11.36,0.05,52.46,0.01,0,2.45,0,0,0,0.11,0.01
10316.jpg,30.26,1.66,1.34,0.02,0.01,0.45,0,0,8.99,0.01,54.99,0,0.03,2.01,0,0,0,0.13,0.12
10317.jpg,24.18,0.97,2.71,2.12,1.45,0.42,0.02,0.04,10.68,2.29,52.7,0,0,2.43,0,0,0,0,0
10318.jpg,28.6,1.44,1.9,2.26,1.7,0.39,0,0.1,12.64,0.57,48.62,0.06,0.03,1.36,0.28,0,0,0.01,0.05
10319.jpg,20.13,0.27,3.26,5.12,0.12,0.19,0,0,23.39,3.22,37.14,0,0.04,7.02,0,0,0,0.09,0
1031.jpg,18.17,0.36,3.52,0.02,0.38,0.74,0,0.13,27.05,3.11,42.08,0,0,4.05,0,0.28,0,0.06,0.05
10320.jpg,22.49,2.08,3.06,1.29,0.16,0.53,0,0.04,7.53,0.01,53.76,0.04,0.11,6.37,0.11,0,0,2.34,0.07
10321.jpg,30,0.49,1.39,0.48,0.21,0.72,0.01,0.01,8.39,0,54.94,0.06,0.11,3.03,0,0,0,0.08,0.1
10322.jpg,30,0.49,1.39,0.48,0.21,0.72,0.01,0.01,8.39,0,54.94,0.06,0.11,3.03,0,0,0,0.08,0.1
10323.jpg,21.02,4.81,0.08,1.26,0.3,0.16,0.06,0.01,23.65,0.91,45.43,0.03,0.86,1.1,0,0,0,0.33,0
10324.jpg,22.25,2.31,0,1.01,0.29,0.18,0,0,24.13,0.57,45.48,0,0.13,2.48,0,0,0,1.16,0
1032.jpg,28.61,1.49,4.12,0.23,0.47,0.45,0.01,0.03,12.29,0.18,50.01,0,0.01,1.68,0,0,0,0.43,0
10331.jpg,11.72,0.55,14.78,1.18,3.96,0.07,0,0,16.04,8.94,40.51,0,0,2.19,0,0,0,0,0.04
10332.jpg,11.57,2.59,7.88,0.1,1.5,0.12,0,0,18.12,12.59,43.08,0,0,2.38,0,0,0,0,0.07
10335.jpg,27.36,2.38,12.77,0.07,0.42,1.04,0.01,0.07,3.55,2.08,48.69,0.08,0.07,1.19,0,0,0,0.17,0.06
10336.jpg,20.77,1.79,12.23,0.09,0.45,0.53,0.01,0,6.34,7.67,47.17,0.03,0.07,2.86,0,0,0,0,0
10339.jpg,30.49,0.52,2.53,0.32,0.92,0.75,0,0,0.88,1.45,59.41,0.02,0,2.68,0,0,0,0,0.02
1033.jpg,31.33,1.05,0.59,0.14,0.03,0.34,0.02,0,10.18,0.02,54.47,0.04,0.13,1.2,0,0,0,0.41,0.04
10340.jpg,31.11,0.49,2.84,0.01,0.85,0.72,0.01,0.01,3.74,0.52,56.81,0.11,0,2.68,0,0,0,0.07,0
10341.jpg,23.9,0.57,0.49,0.2,0.57,0.22,0.01,0.16,24.62,3.24,43.03,0,0,2.97,0,0,0,0.01,0
10342.jpg,19.77,4.48,0.63,0.41,0.35,0.33,0.04,0,20.42,0.49,48.89,0.01,0,3.68,0,0.35,0,0.14,0
10343.jpg,28.72,1.55,1.31,0.01,0.75,0.12,0,0,14.24,0.54,52.3,0,0,0.45,0,0,0,0.01,0
10344.jpg,29.94,0.97,1.04,0.07,0.87,0.15,0,0.02,13.12,0.39,53.36,0,0,0.07,0,0,0,0,0
10345.jpg,30.89,1.12,2.26,0.48,1.62,0.62,0.04,0.09,4.15,0.82,55.78,0,0,1.96,0,0,0,0.13,0.03
10346.jpg,31.11,0.49,2.84,0.01,0.85,0.72,0.01,0.01,3.74,0.52,56.81,0.11,0,2.68,0,0,0,0.07,0
10347.jpg,23.59,0.29,2.13,0.02,5.9,0.94,0.06,0,2.79,5.71,57.31,0,0,1.27,0,0,0,0.01,0
10348.jpg,24.59,0.81,1.16,0.22,5.74,0.55,0.01,0,4.16,4.99,56.81,0,0.05,0.76,0,0,0,0.14,0.01
10349.jpg,27.83,0.37,0.32,1.79,3.65,0.39,0.01,0,3.39,1.14,58.11,0,0.13,2.74,0,0,0,0.12,0
1034.jpg,27.46,2.33,0.22,0.25,2.84,1.09,0.13,0.01,11.76,0.71,51.74,0.21,0.01,0.91,0,0,0,0.27,0.06
10350.jpg,23.3,3.69,0.33,2.67,4.63,1.02,0.22,0,5.38,2.85,55.56,0.01,0.06,0.25,0,0,0,0.04,0
10351.jpg,21.78,1.76,0.95,0.92,4.33,0.97,0.05,0,6.26,7.39,55.03,0,0.11,0.33,0,0,0,0.11,0
10352.jpg,22.49,1.57,0.34,0.75,4.3,0.8,0.03,0.01,5.25,7.75,56.11,0,0.11,0.39,0,0,0,0.09,0
10353.jpg,24.32,2.6,0.04,2.05,2.43,0.78,0.02,0,5.92,4.1,57.44,0,0.01,0.23,0,0,0,0.07,0
10354.jpg,30.26,0.83,0.45,1.37,2.07,0.46,0.02,0.05,2.24,1.53,59.2,0.03,0.49,0.78,0.03,0.04,0,0.16,0.01
10355.jpg,24.14,5.13,0.83,2.4,1.63,2,0.05,0.17,5.81,2.27,54.54,0,0.22,0.35,0.02,0.04,0,0.28,0.11
10356.jpg,22.36,1.6,0.13,0.78,6.89,1.92,0.19,0,6.66,5.62,51.67,0,0.14,1.24,0,0,0,0.53,0.26
10357.jpg,22.32,3.01,1.47,1.72,2.35,1.33,0.07,0,4.06,2.28,51.93,0.01,0.3,2.57,0.99,4.81,0,0.69,0.1
10358.jpg,28.2,2.29,3.51,1.88,4.82,0.39,0,0,2.28,0.52,54.58,0.01,0.12,0.34,0.19,0.76,0,0.09,0.03
10359.jpg,20.12,1.25,3.22,0.28,1.61,0.89,0.07,0,8.13,7.83,53.34,0,0.29,2.81,0,0,0,0.17,0
1035.jpg,18.26,2.76,0.04,0.74,0.14,0.58,0,0,19.65,8.12,49.41,0,0.02,0.13,0,0,0,0.12,0.03
10360.jpg,24.05,4.02,4.32,0.45,4.35,1.31,0.16,0.01,4.07,2.03,54.17,0,0.08,0.49,0,0,0,0.29,0.2
10361.jpg,31.38,1.88,3.08,1.69,1.97,0.67,0.02,0.09,1.24,0.11,56.69,0.03,0.03,0.99,0.05,0,0,0,0.07
10362.jpg,21.89,2.18,3.65,2.15,3.44,2.69,0.55,0,5.66,5.13,51.69,0,0.18,0.71,0,0,0,0.08,0.01
10363.jpg,26.37,2.12,3.44,4.67,2.73,0.79,0.1,0.02,3.88,2.96,51.83,0.06,0.02,0.98,0,0,0,0,0.04
10364.jpg,27.16,0.4,4.97,1.19,4.27,0.98,0.03,0.39,3.6,3.15,51.33,0.13,0,2.36,0.04,0,0,0,0
10365.jpg,27.69,3.56,3.74,1.3,2.84,1.12,0.33,0.03,2.96,1.82,54.2,0.01,0.01,0.36,0,0,0,0.03,0
10366.jpg,31.11,0.49,2.84,0.01,0.85,0.72,0.01,0.01,3.74,0.52,56.81,0.11,0,2.68,0,0,0,0.07,0
10367.jpg,25.79,0.63,7.97,0.06,0.02,0.49,0.03,0.03,5.21,0.39,50.75,0,0.05,5.96,0,2.6,0,0.02,0
10368.jpg,27.41,0.3,9.45,0.72,0.43,0.58,0.1,0.05,6.1,0.33,49.74,0,0.22,4.14,0,0,0,0.42,0
10369.jpg,26.48,0.09,7.74,0,0.01,0.75,0.09,0.01,7.92,0.07,49.46,0,0.07,6.7,0,0,0,0.61,0
1036.jpg,18.03,2.95,1.88,0.58,0.01,0.28,0,0.01,22.54,6.18,47.08,0,0,0.3,0,0,0,0.15,0
10370.jpg,27.49,0.53,5.77,0.02,0,0.36,0.02,0.01,8.52,0.11,51.35,0,0,5.77,0,0.05,0,0,0
10371.jpg,31.36,0.9,2.47,0.13,0.38,0.77,0.07,0.02,5.27,0.21,56.22,0,0.08,1.98,0,0,0,0.14,0.01
10372.jpg,30.49,0.52,2.53,0.32,0.92,0.75,0,0,0.88,1.45,59.41,0.02,0,2.68,0,0,0,0,0.02
10373.jpg,23.31,4.49,3.72,0.07,0.73,1.01,0.05,0.11,20.53,0.71,44.48,0,0.05,0.48,0,0,0,0.26,0
10374.jpg,19.22,4.22,0.14,0.87,0,0.3,0.01,0.05,31.9,1.89,40.23,0.01,0,0.86,0,0,0,0.26,0.04
10375.jpg,23.5,2.22,1.21,0.99,0.07,0.26,0.01,0.02,19.23,0.12,50.06,0.01,0.04,1.28,0,0.02,0,0.97,0
10376.jpg,20.62,6.08,2.58,0.2,0.41,0.25,0.02,0.01,18.69,0.15,50.13,0,0,0.42,0,0,0,0.41,0.02
10377.jpg,20.95,3.45,0.17,0.07,0,0.11,0,0.01,23.24,0.04,49.07,0,0,2.45,0,0,0,0.44,0
10378.jpg,30.59,1.85,2.05,0.44,0.35,0.51,0.04,0.01,7.04,0.28,55.49,0,0,0.9,0.09,0.18,0,0.17,0.01
10379.jpg,30.49,0.52,2.53,0.32,0.92,0.75,0,0,0.88,1.45,59.41,0.02,0,2.68,0,0,0,0,0.02
1037.jpg,17.93,2.5,2.85,1.01,0.03,0.15,0,0.02,18.15,8.83,46.5,0,0,2.02,0,0,0,0,0.01
10380.jpg,29.67,0.25,1.1,0.08,0.06,0.03,0,0,15.43,1,49.21,0.04,0.29,2.49,0,0,0,0.34,0.01
10381.jpg,30.26,0.22,1.94,0,0.2,0.06,0,0.01,9.42,0.87,54.31,0.04,0.04,2.33,0,0,0,0.29,0
10382.jpg,23.48,1.27,0.93,7.23,0.04,0.15,0,0,11.23,0.13,53.19,0.02,0,2.29,0,0,0,0.02,0.01
10383.jpg,30.26,0.22,1.94,0,0.2,0.06,0,0.01,9.42,0.87,54.31,0.04,0.04,2.33,0,0,0,0.29,0
10384.jpg,30.26,0.22,1.94,0,0.2,0.06,0,0.01,9.42,0.87,54.31,0.04,0.04,2.33,0,0,0,0.29,0
10385.jpg,24.16,5.75,0.65,0,0.26,0.23,0.02,0.08,18.34,1.85,47,0.04,0,1.43,0,0,0,0.08,0.1
10386.jpg,20.55,7.6,0.13,0.07,1.7,0.28,0,0.01,29.89,1.43,36.96,0,0,1.38,0,0,0,0,0
10387.jpg,25.54,3.42,0.3,0,1.5,0.16,0,0,34.8,3.1,30.27,0,0.02,0.74,0,0,0,0.06,0.07
10388.jpg,24.62,5.42,0.7,0.2,2.8,0.19,0,0,31.29,1.59,31.66,0.01,0.01,1.51,0,0,0,0,0
10389.jpg,20.94,8.11,1.35,0.24,2.4,0.19,0,0,33.3,1.83,30.77,0.05,0,0.74,0,0,0,0.02,0.05
1038.jpg,28.61,1.49,4.12,0.23,0.47,0.45,0.01,0.03,12.29,0.18,50.01,0,0.01,1.68,0,0,0,0.43,0
10390.jpg,24.99,3.9,1.21,0.26,2.34,0.22,0.01,0.04,25.23,2.9,37.66,0.05,0.02,1.1,0,0,0,0.07,0
10391.jpg,24.12,3.82,1.71,0.89,2.28,0.21,0,0.02,24.63,4.15,37.34,0.05,0,0.57,0,0,0,0.21,0.01
10392.jpg,22.24,6.37,0.07,2.34,3.66,0.16,0,0,26.73,3.31,34.33,0.12,0.01,0.46,0,0,0,0.17,0.02
10393.jpg,18.54,8.17,0.84,6.18,1.2,0.23,0,0,28.97,2.14,32.68,0.21,0,0.64,0,0,0,0.2,0
10394.jpg,27.16,1.44,0.08,0.88,2.78,0.22,0,0,23.78,3.67,38.91,0.07,0.01,0.79,0,0,0,0.19,0.03
10395.jpg,27.47,0.24,0.64,0.77,2.42,0.06,0,0,21.78,3.39,41.09,0.06,0.32,1.5,0,0,0,0.24,0.02
10396.jpg,25.04,4.52,0.04,1.44,4.54,0.12,0,0,28.64,2.28,32.82,0,0,0.34,0,0,0,0.21,0.02
10397.jpg,28.53,0.59,0.5,1.88,1.29,0.05,0,0,22.65,2.02,41.55,0.07,0,0.62,0.11,0,0,0.14,0
10398.jpg,24.07,1.78,0.75,0.59,3.38,0.12,0,0.01,19.38,3.01,42.71,0,0.01,4,0,0,0,0.19,0
10399.jpg,27.1,0.7,0.08,0.03,2.04,0.09,0,0.05,22.23,1.85,42.53,0.01,0.03,2.34,0.81,0,0,0.11,0
1039.jpg,21.16,4.71,9.42,0.06,0,0.12,0,0,9.46,4.61,48.71,0.02,0.19,1.54,0,0,0,0,0
103.jpg,12.79,0.05,0.09,0.62,0,0,0,0,24.44,4.45,45.08,0.01,0,12.47,0,0,0,0.01,0
10400.jpg,22.51,1.13,0.01,0,0.35,0.09,0,0,20.18,1.96,41.41,0.14,0.03,1.95,0,10.2,0,0.03,0
10401.jpg,26.7,1.57,0.17,1.73,1.38,0.22,0,0,26.01,3.08,36.9,0.04,0.02,0.53,1.42,0,0,0.21,0.01
10402.jpg,23.71,2.49,0.32,1.48,0.94,0.26,0,0,43.16,5.14,19.74,0,0.06,1.49,0,0,0,1.14,0.08
10403.jpg,26.43,1.08,0.63,0.1,2.2,0.15,0,0,26.16,4.69,36.54,0.01,0.02,1.77,0,0,0.1,0.12,0
10404.jpg,27.93,0.57,1.4,0.89,0.11,0.07,0,0,15.27,1.98,48.73,0.02,0.55,1.19,0.03,0,0,1.25,0
10405.jpg,30.26,0.22,1.94,0,0.2,0.06,0,0.01,9.42,0.87,54.31,0.04,0.04,2.33,0,0,0,0.29,0
10406.jpg,22.77,1.67,4.72,0.5,0.17,0.41,0,0.02,19.9,1.22,41.77,0.01,0.11,4.31,0,0,0,2.4,0
10407.jpg,27.71,0.12,5.07,0.06,0.01,0.27,0,0,16.82,1.5,44.37,0.03,0.04,3.85,0,0,0,0.15,0.01
10408.jpg,26.22,0.3,7.81,0.04,0,0.2,0,0.01,12.39,1.26,45.8,0.01,0.01,4.72,0,0,0,1.14,0.07
10409.jpg,25.2,0.07,6.71,0.01,0.45,0.19,0.04,0,14.8,0.34,41.66,0.01,0,6.19,3.89,0,0,0.44,0
1040.jpg,15.18,0.31,6.79,0.03,0,0.23,0.02,0,8.86,14.51,51.47,0,0,2.6,0,0,0,0,0.01
10410.jpg,27.4,0.56,2.46,0,0,0.34,0,0.04,19.47,1.38,43.74,0.04,0.01,3.66,0.12,0,0,0.51,0.26
10411.jpg,23.41,2.33,0.06,0.22,0.03,0.25,0,0.04,30.56,2.24,34.95,0,0.02,5.54,0,0,0,0.35,0
10412.jpg,24.25,3.21,0,0.4,0.89,1.56,0,0.01,23.62,0.11,40.75,0.05,0.05,4.87,0.08,0,0,0.1,0.04
